66616 1108-1412 1616 exilium. 11.12. 25 ¹

61661161 Co platno 16611166116, 61 661166 6611 11111, 6 661Ι .
1611 61161111 611661 dai 116611 6161661616116611 01661
661666611616616 1111111161 16161 611 (16611 1661 6 61616161
161616, w 6111661 61666161116, 6 6166661 6166111 0 kterak ste
pozapomenuli, 16 1616616 6616 6 (1616116 66611, 16 616 61 66·
111161 1616116, 16161116 66616611161161616111661 lidmi 1161161
2666666116 6611116161 1611, (11161, 161616 1616 6161111611τί-
61661 6 661 my, aby z 616 1611 66116616 6111 61161111, 6 1666
(1166, 1166161666 (16616, 661161 byl 1661611616, 66611111, uby
on pojma 6616 (166116 1661161 6166 66 66661111, 611 1116 hylo
66111 1661. 111 11166611, 111161, 111 116166116616166611,6166616
6 616 61666 16116, 6 616 66661111. 1116 16116 1661116 (1611
661611 116661 616 66161 6166 66616 6116166, 66616, 11611 61
61116661, aby 166161 od 161616, 6166 6 61616 661116, 6616616166
6611. Μ116666111,1661 616 661661116161611661611666,6
’ 61616, 6611611 16661, 616 16611616661616. 11661616 1616, 16 po·
61161611 1661 616111 6616116161, 616 11611616 1666166, 166 1616
611616, 6161 1111, 61 66 66161161 161616 61611. 066611 1161611,
661111 161611, ty dies: 16616161 616116611616, 116611 ne·
1161611 6 161 (1616 66116. Μ111666111 pros za Ρ161661,6111
6 tom 6161611611, 61611111611 1616 1661 1611661666 66161111,
1166616 166116 11166116 61166611, 6116616661 16611 6161116
6111 111661 od sebe puditi. Znamenati 16611, 16116 16 1166166,
166 11616 6616, 6116 1661161616, 166 16 6116161111116
1661161616, 161666 1661, 1161666166, 616616 6611116. 1111666611,
1611666 661611, 611666 16666, 116611 (16116 61616, 616 1116, 116
11166166 66 6616661, upadne do 6116116 6161. 066111 116611611
61616, 16166161161111611161661 661 mast (16611 Κ666 616616
dieti sw1'1 (16161 166161, 1661 166116116 616116 Ρ116161 161 661-
666661111, 161616 661 11161 11166611,61666161166611611,16(116
6661616611 1661 6 161161, 166111 6161661116 11616 66161116
16161 11111611 (1611. werne 1661 111666116166611616, 1166166
66611, 6 611161 11161 6161611, aby 1166161 udusil. Ε pro 611116
1166 1616, pro 616661 6 66161161611116 16116 66616616, pro

661 61666616, pro 661 1661, pro 116161 1616116616,166 661 ·

6166116; 1161 616 6111111,616(1166166616; 1161 1616 66611, 161116
66666 6616616 buoh: Cas 6661666 66 6661666
16111, 6116 6 66616616611661, 66661 16116111, 6116 spra-
661116 1661, 6166661116 161116111, 6 66611 6661166 61666. 11

1111161 1666 6 6111616 61 se mmi jest: otplatiti 1611166 66116
6161116 1616. Τ61 (116 116 16111. Ρ111661611 1616 61666 6116

 

