1110 1411111111111 0011111111111. 42. 43. 81

43.
Ε’111111111Βο1111111.

Hom populures, 11 01 1111111ήεί1 apostolis decipiantur3 deinde refert,
1110 animo 1011111111 11 ad concilium Constantiam proficiscentem fuerint.

(constantiae, 161101. 1414.)

1111111111 1111 1111111111] 11111111 1 11111111 111111,
1111 1111111 11111111 11111111 Κ11111ε 11101 11111011 1111 1011
10111111111111111, 111 1111011111 11 11111111, 111111 11110111 110-
1111111, 1101111111 w 1111111111 po smrti 1111111111 w 111011
11111. “

1111111111 11111111 111, 111 111101 1111 111111 1111011 1011110,
11111 1111 111110 11110111, 11111111 11011111111 1111110111, 111
1111111 11 1111111111 1111111 111111111011111, 1111 1111011 1111 111111,
111111111111111101,111111111111111011111111,1111011111111 110111-
1111111111111111111, 11 1111111111 111111 1111011111, moe sw1'1

1111111, 1111111111111 Κ11111 1 1011111, 1 11111011, w 111111110111

11 11111 111111011111111111. 011111 1101110111 1111 milo· ‘

11111 11111111 11111 11111111 1111111 1101011011 1 111111 111011.
111111111111 111 111111 die: warujte se od 111111111 1101111111,
111111101011111 11111 w 1111 11111111, 111111111111 11101 1111111
110111111111011111 11. 11111 10111111 1111 1111111 1111111 1111-
111111, 111 1111111 0111111111 neb die spasitel‚ 11 1 11101111
1011 1111 by 11111111, 1110 11011011111110111 111111111111111,
1111111111111111111101111111 111. Α 11111 111111 11111111, 1111 11101
1111111111 11 11011111 ; 1110111111 den se 11111, 11111 111011 11111
1 111111 101111 11101111 1111110111111 11111. Ρ10 11111 111
1111 1110111 1111111 11 1110111, 11111 11 11111111, 1 1111111011-
mem 111011 1 1011 11111111 111111. 1111111111 1111 11111 1111
011111 111111, 11111111111111111011111111, 111 po nie 1111111.
1111101111 111111 11111 11111111 111111 naim 1111111111 1111111111,
11111111 1 nima 1101110111111111 111111; 111 11111 11111
111111111111111111111111111111,1111111111110111101111111111

1011111111, 1111111111111, 11111 1 11111111, 1 1111111 1110 111111
11011, 1 11111 11111111 1101110 1111111 1111111. 1111111 1111111111,
1111111111 1111111111 11 11111 110111, 110111 11101111 11 111111
11111111101111, 1111110 1 1111, 11 11111111111101011111111.
111101 prosim 111, 111111 111111 111110111111111,111111

1111111111 1111111011, 1111111111, 1010111 1111111011 k 11111111 w
11

 

