132 Epistolae scriptae 0666166116 616666 166161411

1111616111661, 16116166 61611 16661616 xxxv⁰nebev⁰.*) Τ6161
6 11611161 Machabeorum 16166 1661, 16 61 111111 611166 1611 6
y, 1161116116116111, 6661111; 161666 w 666116 6111661 66611
palili 61 6 16116661 1611616 6111666 ‘raka 1661611661 tupili 61
61611111 16111 66. 1161616, 1661 61661 Moralium, 6 6111111611
6666111 61611111, 616 116111 61666 16116616 1616 11116 Ρ616661116611
1661. Τ6111 661666Ζ1616661116 6161 1611611 (1611 6611661616
1661 potupil, a 61616 pain 1661 1611661161 1161161 po 61661166.
,16661661 6161661. Tyto 6161661166 1161611166, 6616116 6616
61166111, 611 66 sem psal 661111, 6661 611 1116 1161611 661 1611
1161611661. 16666116, 66 1661616611616611661161 61166 66 61616616
166’1(11111161.21), 16 1161 66116116 16616 1616 1611 61666161
, 16116616, Ι16 61 1611116 66116 661116, 661 1616161616 1611
6611111, 16, 11 16 1661161111, 1611661661 byliby uwedeni 611161
6161661116661 61616661 pro 61661661. To 1666161166 661-
6116111611116 16661, 661 usam 1616, 16 66616 Antikristowa
111616 16166 6666111 6616 6 1611611, 6 6161 6Κ666166616 (161661
66111116; 6611 16166 66 16, 16 1661 666661 6 1616 61666 666661,
661 66 6616 knih (161611, 6 z toho sboru 1661611666 1666111
16116 1111, 616111 61666 1111616, 16666111, 661 61 1111 6116111.
Ζ6666666116, 161 6166111666 za 1661616 potupili. Nu 6111661616
16661611, 1661 1611616, 16 116161 1661111 66616111, 16 661611 116·
1111, 16 666611 666161611111, 161161 prawie juristi‚ 16 1161611661
11666 6116 6166166 66611, 111 661611 (16116 1166661616 661661
srdce cierkwe swatej.¹ 111 1161 (16616661, 16 66 166161616166,
6 6161 1616 6166116 moe 6 (1616616, 16 661661 616616 61611166 .
66611, 6 16 661661 11611116 166 6616616116, 11611661 116111
1166166 musi 66 61161611. Α1 1111661 16 11666 61616 1661 66666111
66616616, 111 16616 1111611661 6111166, 111 1661 61616166 11666116,
616666 66116166, 66166 61111666 6 11611111 61166616666 6161116 6
111 6661666, 611 6111161 1161166 66 6661161161. Sbor ho po-
16111 6611661616, 16 1661 61166111 6 1161616666 6 1161 6116111
16611661 611611661611111, 6 61611 166661 61 61 6116116166ὠί
6 11661 mezi jiny‘mi 11611111. Tu 16611111661161611116661116161,
1661 1661116616116 Ρ66161116161116116161616 11111, 616 1161 61 16
1161111111. 0 1661 611 1661116666 6 66116 6116 newywrhli?
1111611 1161 11166 die: 166111 1116, 1611· 11166116 1161616661616
166161 16111, 611 ho 111 616666. 1116616661 1161661111·

*) MS. Mladen. addit 16 6661111661 „Non 161611 librum, sed 6161 ,16666ιί66
8⁶5 idoo 666 imputa de quota.“

 

