8 controversiae de religione 10 1010101οε 1411.

JM‘ jmz't 1 0011 0110111 1101000, (1011010, mistry, 0101110,
10101010 0100 1 0101001 1001000, ajest-Ii 1010 11011 hlud 0010
001111 0010100 101, 1101 10 10011 (1001000101 0010 0011010011, 10
«1111ε 1101001111 (100100010111 0001101101 10110 wyeistiti i 0011101111.

Item jestli 10 0011 11011 101110 10010001 nebo 0011111
0 00001001 110111, mei 1011 0101110100 00111101080010011, my
000οη1 000 roms-ment a ,010 mem 000011 u mora 0 010-
0011010 jmajt mimiti 0 011 011001, 0 0010111110 001 01001011
000 tom desti 1101011, 001 1111000111100101101 00 00101000001
ram. Το11 jest-Ii 10 jstt 11011 w 10110 0101110100001 110111,
ty J'mti 1011 0101110100 1011101111 0 1010111111 1110110111.

Item 001 jest 1011110 0110010 0110110, 10 10 jmt 1011
0101110100 0100111 11111000 11110011, 0 10110 1111000 ij 01
110100 0110100111, 010111 01111101 ty obroky J'Im 1000000111·
0111 0000111111 0 11, 11011 ij jati, jmajI 1010 011001 011101

. by'ti, 10101011 0100011101 011010 jim wm'teeny.

Item ty 0110100 001101000οη1 0101 jmajI 01 1100011010
00011 dni, jetto by'waji 0101 010001; 0011110 01 0 10 010111
1010 1011 0100011 1101001110, 101010 00 (110111 00011 dni, jeito
0 01011 1011, jmaji 01 0100011; 0011110 JM‘ mohl 001010,
11001100.

Item 11110001111001 1001 00100111 100101Ρ101011, 10110
01011101000, 0101110, 10111 11010 10101 011110101101010000-

1011011, 10101 js1'1 byli 10 0010100 (110110 101110· 0001111.

Item aby 101101 01001 1101011110 0 001011 11011010 01010110
1011 011 001011 0110101 0 0001001101 001011, 110111 jmajt od
00001101 01 0010100 010010 0011111110 01 do sie doby.

Item take 0101 0 1010001011 00001 0110101 jmajI 001011,
0 (10010001 nejmaji 00 01 0011011 00010 01100101000000100·
1100110, 101 10101 0101 0001 00 0001101 10001 0010111.

Item mezi 1011010 0101110100010 0 I'ratany: 1010110101·
110100 010011, 1011101101 0111111 0110010111, 0 0100111 jemu,
1101011101001 00011 001 10001 00 01 001001 011010 jich jim
0011011, 101010 00 001101 11010 00 01, 10111 by 1011111010 01101
01 1010 00101, 10 01 1111001001 11100101 10 01010, tehdy 1011010
zdwihl, 0 nejme't jim 1010111111, 10 ij 11110001110010110111,
0011 jim z 1010 11110 0100 11101.

I tyto 01101100 0010110000010101, 1111 01 natm, 001οΚ111000
1111100110 011011, 01011 0101110100 1011.

1000110010 tolm my 1011 11011011, 0100110 80011 0.,1101
1110100 0011101010 101100100011 at, 1011100101 110100 01

 

