Epistolac 00010100

0,

Collegia judicum regni Βο1ιο00100 suprema.

Sacrorum 010101000οι intermissionem 000νο10000, 1000000 et 0001000100
το0011101000100 0010010100, ut 1010 calamitati 1000100100.

(1411, 0. Decembri.)

,10110001010111000 directa 1011 dominis baronibus 11000100 10
1v temporibus 0010 001101010010010100100100100 moenem,
quo 1000000 fuit 1). Episcopus 10100000100010 000 pluribus
baronibus Pagae, et 111100 10 Novo Castro prope 110000.ιι

11000οι0οἰ0 010101 1101011όο 1011000101010011101
11010 01010, 1001 10100010 0 11000.

Ρο000101 00 0100 101010 rab 010 01111 0110000101 010 bah!

000 mnf, 0000000 0000000000ωο10000οο1 000
WM¹¹ (11101101100110100 0100 0100 10111 1110100001, 1111001100
1100100010111, 1011001 10101 010110011οὸ 011 110001 01000
- 1011010 0 011 01 000011, 010 01001010 0 00 01000 0001 00111
0011110101101010100 0 1010001100100 00011 000111 0001-
1101000010010110, 0 001011 0001 0101, 1001011111ι na 0100100
001011. Το10000001011010 00110010 1101111 100000101, 00100-
111101 11101010100110 S„ 1110111010, 010 011 0101 00 wedl proti
001; 0101 01010011 01 00 01 110110, 111 1111011 0010001001
0110010110, 010 0110 0 000010 10010. 1101 1010 01101, 10 00-
10111010001011010000111010 010110 10110 000100111 01110 ne-
00011111. 000110 01110101, 100110 101000 1100101 01000,
00010111 maji 01001010 010110 011011 alid 1011 00011111 101101
11011001 00100001οί0 010110 10110, 00001100 1010 0 01001
000110, 010 101 01000001 1101 0000011. Τ101010 0010101010·
1010 0100, 0011010, 0000101010110100, 0 0010010 1101 000
0 1101 zema: 0101001 proti 0110001011000, proti 001000010010
1001000101, 1 proti 0100010110 001010. 100101 mili 0101011-
1100011011000101010011101 01111110 01 k 1000, 011011 001010
01001001, 001000 10110 01 101 0001010 mezi lidem 10110. A
1110101 01111, 10101 0110 000101 10100 statii 0110010010 0101
1010001101100 00011 0001111 0101 1010 11010110, 1010101
0000101001οι0 000111όο 1 10011ὁο Ριο101101 0001100100οο-
10111 0 do 11100 00001001. 10101 01111 010010 01001 010110, 000-
1110, 1 0101 WMff, 0 0101 reid 0101011 101010 00 01001000101011

 

