11. 1). Consilium 100011. 11001. Pan. 483

a 1101010111) 111111101101; w 11011110 100111 00 1001101111
10101010, 111111 111 1110 01 1010 01111010, 101 11111111101101
Petrowu 0101011011. 1011111 10 1111111110110111 11101]
1110 1001101010, 110111 111 01111 111111, 1111 (10101010 1001
10111101 01010 11011101, 110 1100101, 010 110101.κ

mie 111111, 1010110 11011 10101, 1010 1001, 10 010011-
1010110 w 1111010111 1011111 1 0101 11001 1101011101 po 11011
11111 1 11010 01001110 1100101111011110111111 0 111111111,
1110110 101101 11111111, 1 110 11111, 10111 10010110110110 1111110
1 100110111110 0 01011101 10110111, 1111010110 01011 11111101,
10 100010 1111111110 0 1101111111111 010101011111 maji 00111-
01011 1011011 1111011011101101111 111110 (1011110 010110·
1111101011 011110 11110, 110 1101110111, 1101111011111 111011οι1
1011 (010) 0 01011 11101 1111 111 101 10111 10111 10110110100- y
111010101010, 1101111 1011111110110 11011 S. 1111110 1011110
110010 001 1110 1011 1111 11110 111110; 0 die S. Bernhard
110111 011110101111011 110110111010110 101011 stoji 01110.

110 101 1111011 1 111011111011110101111001110,10110101
protiw tomu 1 k 1011 1001110 1111101111, 11011110100 001 11011,
1111110111 01001111111 110101111011111110111011111 1 110-
10101110111 11101011 1 11111111110 111110111011110111110
1101010111110,10110110101100 1011 S. Augustina LXXXVI 1111110
01001111,1(101 101 die: 1101011101 1001111, (110111 1001 11011111.
1110111 111110 1 1010101 0101111, 10111110 110111110 10111111,
100111 0011001 w 111011 1111111110, 0011 11111111 11101 1111111
11111, 0 00111101 01001011101110111111 10 1110110110 010 du·
chownieh0)‚ 110111 11 0110011 1110111. Το 1011 101 S. Augustina.

Ale 01 11110010 1011, 101111111ἰο 1001001111011001
110010111, 111010 1010101110 1010 1100101111 110111111011-
110101 (01), 1001 10, 011 10 1100110010111001 1101111011 10
111011 0 111111, 101101 111111 1101101101 11111011 (1111011110
nic jinak; 01110110 1011 1011,1010111(”1011100 110111 111111
11111, 011101011, 101111, 0 1111011, 1101010111,100111 0101
1101011101, 1 00111 0101 lidu 01001110, 10101110 11011, 010
(11110 1 1111 1 10111011 11110 010111 111010, 1 10111 10 10111

101011 1011011111. 1110101011 10 11011111010 10 1100011110

1001010011 1 11001111 1111010111 11 0111110, 1011101010 011-

0101110 (1110), 11011 111 11 101111 1111110111 11110 1 111101011ἰο

(101111011111 11111011111 0111111111 1011011 01011, 111

111 11010, 110111 1011 0 101111111111 11110, 1110 1111101οε

011101 11111 1010 011111, 111111 1110101111111111011110111
31*

 

