Ι aa. 1110100101011. 11011. 01 Murus. ad 00110. Causa 589

N, vu.
1
χς1011010001110. 34711111000101110010. 348 (tenuo
*quardus (10 10100. 350. 801110 10 Wlachowic.
01110. 352. Herio 10 11010010. 3113110110
qaspar 10 80001011. 355. Wojslaus 10
aulus de 111000. 357. 11100Ιο00 (10
(10 8101101οο. 359. 11101( (10 110110110-
361. Petrus 1100111 10 ’10101110 (1)·
usic. 363. 1100010 (1012011111111011. 36411οη00
063. 1110100011(ιο 10 1110100. 366. 10001100 10
367. 300110 (1011101110. 368. Gabriel 10 8001100010.
ν11110 10 1210101. 370. ,100110 10 1111001101. 3713110110
(11111.

vll.

372. 8010010 10 ’100010 373. 11100101ιο 10 Ηο10. 374. 81011
(10 Ηο101110. 375. Zbyuko burgravius iu 11001110. 3761110010110
10 Τ101101110. 377. Franco (10 Polie. 378. 1008110011. 3793101110
burgravius iu 110101οἑ1. 380. 100 (10 0110110. 381. 11110110 10
0110100. 38211010 10 130011. 383. Sabart 11) 10 11010100.
384. uenas 10 11010100. 385. Ηο100 10 11000. 386. Matthaeus
(10 Baliua. 387. Η1οο11 10 1101101011. 388. 80000 10 801111(
(3811011101). 389. 1000000 10 11101110. 390. ,10111011 10 81011001.
391. sigismundus 10 1110110011 392. 111011001 10 Tichaliu (2³).
393. Wauko 10 Opatoua. 394. 1101103 10 0001000. 390.Βο1100
(1071110010. 396. 10011000 10 80010. 397. ,1000000 10 Nuzuiu.
398. Georgius (10 Kniauic.

vlu.

3991011 10 1111001100. 400. 30003 10 Trabauic. 401. 1110100
(10 Nakly. 402. Ulricus 10 1101101011. 403. Bohuuko de 1111011000.
404. 1110011 10 ’110010 405. Piedbor (10110010. 406. 1101101100
(10 Ρο010010. 407. such 10 Η101. 408. 101110 10 11100100.
409. 3101110 10 1101011011. 410. Diua 10 711100 (3). 411. 1000000
(10 ’100010 412. 110001( 10 Wy'ikow, 413. 31100110 10 1101011.
414. Ρο1οἰ101 1011010001. 415. 1000000 (1010101000111. 4102011111
(101110000. 41710000010001011010010. 418. (100110 10100000.
419. Pei-rus 1101110 Numici( (10 701101οο10. 420. 110001( 10 Kuu·

 

