111. 0100011100. 0010000010 wenc. 657

k 10100 1111011000. Proto mluw 11101 0 10010000 001100 0011110,
101101 00001010 10 (11110 10001111, 011 0100 111101 010 0011010010
10 00101 1001000101 dal 0 1010111, 0001 0100101111, 01101000 11 η
100111 1111101111 1 1000 1001 0010100, tal< 0110101011 zase 1111
011010100111010110011. WAak ji 11111 110110011101, 00101000
11 1111011000, 10111 1010 0111011, 0001 1111101111 (1100οε 0011010,
01101010 11001 00010111 0000011011 1 1101 0011111 11010111, 010101
011 0100 1Μῦ 001110 10110110 11011100011011101 dati. Neb je
0100 1010 0010101 101, 1010011110, z 01101οι00 01010111, 101
,1000101 0010100100 010101001111; 01 1000 0111 0111 00111111
00010001. Το11 01 1010111100, 01111100111, S. 11110 srdce
01101010 10 00111ε 001 1010 0 110101 11011111001101101111, 0
101100 0110 11οι0 10011111. Το101111, 10 1101110111 1011 11101
1100 10010 do Frankrichu 11010010 011001011010 001 lodi 0
00010011 11010όο 00110011. A 00101 1101011, 01 1010 1111000·
wenom 11111 1011111011 1010011.. 1110010001 Burguusky' 101 1
0010] 000010 0111011110 100011 11100100. A 1101000 00000001000,
001 101011 Englicky' tuto 01000 w Frankrichu 001000. Amy
10000 10000 letos pomoci zbaweni pro 1001010101101, 10110 010
001100 110111ε 001 naim 001110 110100 010 010010111011, 0011
1011 10100 1001 10110 0100101 00101100 11011. 1101111 11001010
(1110110011001011110 1101 (10110 1010011, 101( 101010 01011
00110011 11101100 101000 111 11101 za 10, 10 1011010 11011 w 00101001
10000101 1011000 1101011. A 10101 poton] 11010 110110 00010110,
010οι0 01 0 11010001 001100 0110011011, 1010010100 1010101110
1110011011 10011. 110100 1110101111 1010 mim w Frankrichu
οΕ01110111101111, 10101 01 pal< 111 1010000 00100111 den 1111-
110101000. 1101101001 101101 010 tam 1110101111, 10111 0010110,
0101 1111110010, 011 0100 001110101ᾱὰ 100111 01111111. Νο1 11010
1011110100 10110101011, 0 00101 10111011 010 110 (10101
01111. 1100000101, 1011100 111 100111 111οε 00111 01 1010000 lide
1111101111, 01 by 0100011Ιο 11101110. 1101 11 1100101, 110111 0100
11100 0111110111111, 010101 001110 10111 100111110; 0 10 11001110]
(1010110 010οι0 0100010011. Το101 od tebe 11011101, 011 0 001110
10111ιο 10010000 0010111, 01Μῦ pro 1001 100011, 011 01 11111011
0 010111 10 (1101101 w 1010 10001, 011 101( 0 0100 101010 10101
001110 01101000, 1010110010 10111 0100 01000 111010. A tyto 11011,
10110 jemu 0 1010110110 0101011, 1110000 dodaj: 00110 bratr
011, 0 0100 10 111ιι 101. 010111 1000111111, 010100 10 011 00101,
10 10001000 101Μ*1 1111011 0010110ος 010101 011 tom 11010110
1001110010 00101, 1010010111 101010 1010101001011. 1010100
00

 

