Loci insigues ex bohemicis Husi libris. 717

111111 1111 1111 11111, 1111111111 1111 11111; 111111 111111, 11
111111111111 we 1111111 1111111111, 1111 11111, 11 1111111 1111111,
111 1111111111 1111111111111111, 11 sem 11111, 11 11111111161111.
11111111 11111 111 11111; 1 1111111 11111 mnoho 11111 111111111-
1111.1 1111111111, 111111111111 11111111, 11111 11111111111, 111
1111111111 111111 1111. 1111111111 blud6w3 1 w 111111 od 11111
Ζ11111Μ11111 11111 11111111 111111 11 S. 1111111111 1111111, 11
1111111 11111 11111111 11111 111 11 1111111, 111111 111 1111111111
1111111111, 11111111 111 18111111111111111111111111111,1
1111111 111111 1111111111 11111111111111. 111 to mi, 11111 11111111
1111111111, 1111111, 11111111 to 11111; neb 1111111 111111 11111
111111111111111111111, 11111111 111111 111111 11111111 11111111.
11111 11111 11111111 1111111 sem 111 111, aby ji 11111111111 1111,
1111111111 od 1111 1111111111 1 111111, 111111 111111 111111
11111 11111111. (Postilla, ΙΙ, 112-114.)

ll.

PrelIti - 11 u 111111 1111 XXIII bully dobyli‚ 11 111 111·
111111 111111, 111 1 1111 111111111111. 1111 wiklefa 1111111. 1111)
11111111 11111, 1111111 w nich ο 1111. 1111111111111, 11111,
11111111111111111111; 1111111111 11 1111111, 1111 111111 111111-
1111, 1 11111111 1111 1111111111111111111ς 11111 1111111 1111,
1111111111111 111 1111 1 1111111 111111 111111111111111111111111
11011111 11111111, aby 1111111111111111,111111111 111111 1111111,
1 1111 1111161111 11111111. 11111 111111111111111111111 11111-
11111 1 1110111111, 1 11111111 mniehy w Praze w 1111111 (1411,
11.111.); ale 111111 1111111, 11111111 111111 1111111111, 1 11111111-
11111 1111111111 111111 11111111 11 111111111111. 111111 1111111
11111 11 w 111111 §kole 11111111, a dowodili 1111111111, 11 11 ti
1111111111 1 1111 111 111111 11111111, 11111111111111111 do
11111, 111 dowedli pIsmem: 1 11111 11111111, 111) 11 11111111, 11111-
1111111111, 1111111 111111 1111111 11111111111111. 1111111111
byl 1111111111 111111 Ρ1111111 111111, 11111, 11111111111111
1111111111 1111111111 1111111, a 11111 8111111111. Α 1111111111 111
11 proto. 11 1ι11 my 11111111111111111 1 11111 11111111, 111111111
1111111, 11. moe, 111 111111111111111, 11111 111111, 1111111111
111111, 1111111111 11 11 zahubenie 11111 1111111111 111111111111
11111, 111111111 11111111 111 111111 11111; 1 w 11 11111 1111111
ho do 11111111 1111111111 1111111 111111 1111, 111111111111111
11111111 i 1111, 111111 111111 111) 1111111 11111. I dal 1111 milo·

 

